99000000895
99000000896
99000000897
99000000898
99000000899
99000000900
99000000901
99000000902
99000000903
99000000904
99000000905
99000000906
99000000907
99000000908
99000000909
99000000910
99000000911
99000000912
99000000913
99000000914
99000000915
99000000916
99000000917
99000000918
99000000919
99000000920
99000000921
99000000922
99000000923
99000000924
99000000925
99000000926
99000000927
99000000928
99000000929
99000000930
99000000931
99000000932
99000000933
99000000934
99000000935
99000000936
99000000937
99000000938
99000000939
99000000940
99000000941
99000000942
99000000943
99000000944
99000000945
99000000946
99000000947
99000000948
99000000949
99000000950
99000000951
99000000952
99000000953
99000000954
99000000955
99000000956
99000000957
99000000958
99000000959
99000000960
99000000961
99000000962
99000000963
99000000964
99000000965
99000000966
99000000967
99000000968
99000000969
99000000970
99000000971
99000000972
99000000973
99000000974
99000000975
99000000976
99000000977
99000000978
99000000979
99000000980
99000000981
99000000982
99000000983
99000000984
99000000985
99000000986
99000000987
99000000988
99000000989
99000000990
99000000991
99000000992
99000000993
99000000994
