99000000694
99000000695
99000000696
99000000697
99000000698
99000000699
99000000700
99000000701
99000000702
99000000703
99000000704
99000000705
99000000706
99000000707
99000000708
99000000709
99000000710
99000000711
99000000712
99000000713
99000000714
99000000715
99000000716
99000000717
99000000718
99000000719
99000000720
99000000721
99000000722
99000000723
99000000724
99000000725
99000000726
99000000727
99000000728
99000000729
99000000730
99000000731
99000000732
99000000733
99000000734
99000000735
99000000736
99000000737
99000000738
99000000739
99000000740
99000000741
99000000742
99000000743
99000000744
99000000745
99000000746
99000000747
99000000748
99000000749
99000000750
99000000751
99000000752
99000000753
99000000754
99000000755
99000000756
99000000757
99000000758
99000000759
99000000760
99000000761
99000000762
99000000763
99000000764
99000000765
99000000766
99000000767
99000000768
99000000769
99000000770
99000000771
99000000772
99000000773
99000000774
99000000775
99000000776
99000000777
99000000778
99000000779
99000000780
99000000781
99000000782
99000000783
99000000784
99000000785
99000000786
99000000787
99000000788
99000000789
99000000790
99000000791
99000000792
99000000793
